<?xml version="1.0"?>
<opencv_storage>
<Distortion type_id="opencv-matrix">
  <rows>5</rows>
  <cols>1</cols>
  <dt>f</dt>
  <data>
    4.24109101e-01 -1.13823595e+01 3.41446954e-03 -1.99520700e-02
    2.25037292e+02</data></Distortion>
</opencv_storage>
